1                     number of processus in x-direction
1                     number of processus in y-direction
1                     number of processus in z-direction 

extrapolation           -x boundary |choose: inner; extrapolation; noreflection; periodic;
extrapolation           +x boundary |        symmetryplane; adiabaticwall; shock; postshock_slipwall;
extrapolation           -y boundary |        inflowcheng; inflowmiller; inflowmixchengmiller;
extrapolation           +y boundary |        inflowbogey; inflowjet; supersonicflow; wallinjection;
extrapolation           -z boundary |        premixfix; nscbc_out
extrapolation           +z boundary |

x-direction
0.0000000000000000
0.0025062656641604
0.0050125313283208
0.0075187969924812
0.0100250626566416
0.0125313283208020
0.0150375939849624
0.0175438596491228
0.0200501253132832
0.0225563909774436
0.0250626566416040
0.0275689223057644
0.0300751879699248
0.0325814536340852
0.0350877192982456
0.0375939849624060
0.0401002506265664
0.0426065162907268
0.0451127819548872
0.0476190476190476
0.0501253132832080
0.0526315789473684
0.0551378446115288
0.0576441102756892
0.0601503759398496
0.0626566416040100
0.0651629072681704
0.0676691729323308
0.0701754385964912
0.0726817042606516
0.0751879699248120
0.0776942355889724
0.0802005012531328
0.0827067669172932
0.0852130325814536
0.0877192982456140
0.0902255639097744
0.0927318295739348
0.0952380952380952
0.0977443609022556
0.1002506265664160
0.1027568922305760
0.1052631578947370
0.1077694235588970
0.1102756892230580
0.1127819548872180
0.1152882205513780
0.1177944862155390
0.1203007518796990
0.1228070175438600
0.1253132832080200
0.1278195488721800
0.1303258145363410
0.1328320802005010
0.1353383458646620
0.1378446115288220
0.1403508771929820
0.1428571428571430
0.1453634085213030
0.1478696741854640
0.1503759398496240
0.1528822055137840
0.1553884711779450
0.1578947368421050
0.1604010025062660
0.1629072681704260
0.1654135338345860
0.1679197994987470
0.1704260651629070
0.1729323308270680
0.1754385964912280
0.1779448621553880
0.1804511278195490
0.1829573934837090
0.1854636591478700
0.1879699248120300
0.1904761904761900
0.1929824561403510
0.1954887218045110
0.1979949874686720
0.2005012531328320
0.2030075187969920
0.2055137844611530
0.2080200501253130
0.2105263157894740
0.2130325814536340
0.2155388471177940
0.2180451127819550
0.2205513784461150
0.2230576441102760
0.2255639097744360
0.2280701754385960
0.2305764411027570
0.2330827067669170
0.2355889724310780
0.2380952380952380
0.2406015037593980
0.2431077694235590
0.2456140350877190
0.2481203007518800
0.2506265664160400
0.2531328320802000
0.2556390977443610
0.2581453634085210
0.2606516290726820
0.2631578947368420
0.2656641604010020
0.2681704260651630
0.2706766917293230
0.2731829573934840
0.2756892230576440
0.2781954887218040
0.2807017543859650
0.2832080200501250
0.2857142857142860
0.2882205513784460
0.2907268170426060
0.2932330827067670
0.2957393483709270
0.2982456140350880
0.3007518796992480
0.3032581453634080
0.3057644110275690
0.3082706766917290
0.3107769423558900
0.3132832080200500
0.3157894736842100
0.3182957393483710
0.3208020050125310
0.3233082706766920
0.3258145363408520
0.3283208020050120
0.3308270676691730
0.3333333333333330
0.3358395989974940
0.3383458646616540
0.3408521303258150
0.3433583959899750
0.3458646616541350
0.3483709273182960
0.3508771929824560
0.3533834586466160
0.3558897243107770
0.3583959899749370
0.3609022556390980
0.3634085213032580
0.3659147869674180
0.3684210526315790
0.3709273182957390
0.3734335839599000
0.3759398496240600
0.3784461152882200
0.3809523809523810
0.3834586466165410
0.3859649122807020
0.3884711779448620
0.3909774436090230
0.3934837092731830
0.3959899749373430
0.3984962406015040
0.4010025062656640
0.4035087719298250
0.4060150375939850
0.4085213032581450
0.4110275689223060
0.4135338345864660
0.4160401002506270
0.4185463659147870
0.4210526315789470
0.4235588972431080
0.4260651629072680
0.4285714285714290
0.4310776942355890
0.4335839598997490
0.4360902255639100
0.4385964912280700
0.4411027568922310
0.4436090225563910
0.4461152882205510
0.4486215538847120
0.4511278195488720
0.4536340852130330
0.4561403508771930
0.4586466165413530
0.4611528822055140
0.4636591478696740
0.4661654135338350
0.4686716791979950
0.4711779448621550
0.4736842105263160
0.4761904761904760
0.4786967418546370
0.4812030075187970
0.4837092731829570
0.4862155388471180
0.4887218045112780
0.4912280701754390
0.4937343358395990
0.4962406015037590
0.4987468671679200
0.5012531328320800
0.5037593984962410
0.5062656641604010
0.5087719298245610
0.5112781954887220
0.5137844611528820
0.5162907268170420
0.5187969924812030
0.5213032581453630
0.5238095238095230
0.5263157894736840
0.5288220551378440
0.5313283208020040
0.5338345864661650
0.5363408521303250
0.5388471177944850
0.5413533834586460
0.5438596491228060
0.5463659147869660
0.5488721804511270
0.5513784461152870
0.5538847117794470
0.5563909774436080
0.5588972431077680
0.5614035087719280
0.5639097744360890
0.5664160401002490
0.5689223057644100
0.5714285714285700
0.5739348370927300
0.5764411027568910
0.5789473684210510
0.5814536340852110
0.5839598997493720
0.5864661654135320
0.5889724310776920
0.5914786967418530
0.5939849624060130
0.5964912280701730
0.5989974937343340
0.6015037593984940
0.6040100250626540
0.6065162907268150
0.6090225563909750
0.6115288220551350
0.6140350877192960
0.6165413533834560
0.6190476190476160
0.6215538847117770
0.6240601503759370
0.6265664160400970
0.6290726817042580
0.6315789473684180
0.6340852130325790
0.6365914786967390
0.6390977443608990
0.6416040100250600
0.6441102756892200
0.6466165413533800
0.6491228070175410
0.6516290726817010
0.6541353383458610
0.6566416040100220
0.6591478696741820
0.6616541353383420
0.6641604010025030
0.6666666666666630
0.6691729323308230
0.6716791979949840
0.6741854636591440
0.6766917293233040
0.6791979949874650
0.6817042606516250
0.6842105263157850
0.6867167919799460
0.6892230576441060
0.6917293233082660
0.6942355889724270
0.6967418546365870
0.6992481203007470
0.7017543859649080
0.7042606516290680
0.7067669172932290
0.7092731829573890
0.7117794486215490
0.7142857142857100
0.7167919799498700
0.7192982456140300
0.7218045112781910
0.7243107769423510
0.7268170426065110
0.7293233082706720
0.7318295739348320
0.7343358395989920
0.7368421052631530
0.7393483709273130
0.7418546365914730
0.7443609022556340
0.7468671679197940
0.7493734335839540
0.7518796992481150
0.7543859649122750
0.7568922305764350
0.7593984962405960
0.7619047619047560
0.7644110275689160
0.7669172932330770
0.7694235588972370
0.7719298245613980
0.7744360902255580
0.7769423558897180
0.7794486215538790
0.7819548872180390
0.7844611528821990
0.7869674185463600
0.7894736842105200
0.7919799498746800
0.7944862155388410
0.7969924812030010
0.7994987468671610
0.8020050125313220
0.8045112781954820
0.8070175438596420
0.8095238095238030
0.8120300751879630
0.8145363408521230
0.8170426065162840
0.8195488721804440
0.8220551378446040
0.8245614035087650
0.8270676691729250
0.8295739348370850
0.8320802005012460
0.8345864661654060
0.8370927318295660
0.8395989974937270
0.8421052631578870
0.8446115288220470
0.8471177944862080
0.8496240601503680
0.8521303258145280
0.8546365914786890
0.8571428571428490
0.8596491228070100
0.8621553884711700
0.8646616541353300
0.8671679197994910
0.8696741854636510
0.8721804511278110
0.8746867167919720
0.8771929824561320
0.8796992481202920
0.8822055137844530
0.8847117794486130
0.8872180451127730
0.8897243107769340
0.8922305764410940
0.8947368421052540
0.8972431077694150
0.8997493734335750
0.9022556390977350
0.9047619047618960
0.9072681704260560
0.9097744360902160
0.9122807017543770
0.9147869674185370
0.9172932330826970
0.9197994987468580
0.9223057644110180
0.9248120300751780
0.9273182957393390
0.9298245614034990
0.9323308270676600
0.9348370927318200
0.9373433583959800
0.9398496240601410
0.9423558897243010
0.9448621553884610
0.9473684210526220
0.9498746867167820
0.9523809523809420
0.9548872180451030
0.9573934837092630
0.9598997493734230
0.9624060150375840
0.9649122807017440
0.9674185463659040
0.9699248120300650
0.9724310776942250
0.9749373433583850
0.9774436090225460
0.9799498746867060
0.9824561403508660
0.9849624060150270
0.9874686716791870
0.9899749373433470
0.9924812030075080
0.9949874686716680
0.9974937343358280
0.9999999999999890



y-direction
0.000

z-direction
0.000


END

-0.00427173184357542000
-0.00422346368715084000
-0.00417519553072626000
-0.00412692737430167000
-0.00407865921787709000
-0.00403039106145251000
-0.00398212290502793000
-0.00393385474860335000
-0.00388558659217877000
-0.00383731843575419000
-0.00378905027932961000
-0.00374078212290502000
-0.00369251396648044000
-0.00364424581005586000
-0.00359597765363128000
-0.00354770949720670000
-0.00349944134078212000
-0.00345117318435754000
-0.00340290502793296000
-0.00335463687150838000
-0.00330636871508380000
-0.00325810055865922000
-0.00320983240223463000
-0.00316156424581005000
-0.00311329608938547000
-0.00306502793296089000
-0.00301675977653631000
-0.00296849162011173000
-0.00292022346368715000
-0.00287195530726257000
-0.00282368715083799000
-0.00277541899441341000
-0.00272715083798883000
-0.00267888268156424000
-0.00263061452513966000
-0.00258234636871508000
-0.00253407821229050000
-0.00248581005586592000
-0.00243754189944134000
-0.00238927374301676000
-0.00234100558659218000
-0.00229273743016760000
-0.00224446927374302000
-0.00219620111731844000
-0.00214793296089385000
-0.00209966480446927000
-0.00205139664804469000
-0.00200312849162011000
-0.00195486033519553000
-0.00190659217877095000
-0.00185832402234637000
-0.00181005586592179000
-0.00176178770949721000
-0.00171351955307263000
-0.00166525139664805000
-0.00161698324022346000
-0.00156871508379888000
-0.00152044692737430000
-0.00147217877094972000
-0.00142391061452514000
-0.00137564245810056000
-0.00132737430167598000
-0.00127910614525140000
-0.00123083798882682000
-0.00118256983240224000
-0.00113430167597765000
-0.00108603351955307000
-0.00103776536312849000
-0.00098949720670391200
-0.00094122905027933100
-0.00089296089385475000
-0.00084469273743016900
-0.00079642458100558800
-0.00074815642458100700
-0.00069988826815642600
-0.00065162011173184500
-0.00060335195530726400
-0.00055508379888268300
-0.00050681564245810200
-0.00045854748603352100
-0.00041027932960894000
-0.00036201117318435900
-0.00031374301675977800
-0.00026547486033519700
-0.00021720670391061600
-0.00016893854748603500
-0.00012067039106145400
-0.00007240223463687260
-0.00002413407821229160
0.00002413407821228940
0.00007240223463687040
0.00012067039106145100
0.00016893854748603200
0.00021720670391061300
0.00026547486033519400
0.00031374301675977500
0.00036201117318435600
0.00041027932960893700
0.00045854748603351800
0.00050681564245809900
0.00055508379888268000
0.00060335195530726100
0.00065162011173184300
0.00069988826815642400
0.00074815642458100500
0.00079642458100558600
0.00084469273743016700
0.00089296089385474800
0.00094122905027932900
0.00098949720670391000
0.00103776536312849000
0.00108603351955307000
0.00113430167597765000
0.00118256983240223000
0.00123083798882681000
0.00127910614525140000
0.00132737430167598000
0.00137564245810056000
0.00142391061452514000
0.00147217877094972000
0.00152044692737430000
0.00156871508379888000
0.00161698324022346000
0.00166525139664804000
0.00171351955307262000
0.00176178770949720000
0.00181005586592179000
0.00185832402234637000
0.00190659217877095000
0.00195486033519553000
0.00200312849162011000
0.00205139664804469000
0.00209966480446927000
0.00214793296089385000
0.00219620111731843000
0.00224446927374301000
0.00229273743016760000
0.00234100558659218000
0.00238927374301676000
0.00243754189944134000
0.00248581005586592000
0.00253407821229050000
0.00258234636871508000
0.00263061452513966000
0.00267888268156424000
0.00272715083798882000
0.00277541899441340000
0.00282368715083799000
0.00287195530726257000
0.00292022346368715000
0.00296849162011173000
0.00301675977653631000
0.00306502793296089000
0.00311329608938547000
0.00316156424581005000
0.00320983240223463000
0.00325810055865921000
0.00330636871508379000
0.00335463687150838000
0.00340290502793296000
0.00345117318435754000
0.00349944134078212000
0.00354770949720670000
0.00359597765363128000
0.00364424581005586000
0.00369251396648044000
0.00374078212290502000
0.00378905027932960000
0.00383731843575418000
0.00388558659217877000
0.00393385474860335000
0.00398212290502793000
0.00403039106145251000
0.00407865921787709000
0.00412692737430167000
0.00417519553072625000
0.00422346368715084000
0.00427173184357542000
0.00432000000000000000
