X-DIRECTION

0.00000000000000
0.00250626566416
0.00501253132832
0.00751879699248
0.01002506265664
0.01253132832080
0.01503759398496
0.01754385964912
0.02005012531328
0.02255639097744
0.02506265664160
0.02756892230576
0.03007518796992
0.03258145363409
0.03508771929825
0.03759398496241
0.04010025062657
0.04260651629073
0.04511278195489
0.04761904761905
0.05012531328321
0.05263157894737
0.05513784461153
0.05764411027569
0.06015037593985
0.06265664160401
0.06516290726817
0.06766917293233
0.07017543859649
0.07268170426065
0.07518796992481
0.07769423558897
0.08020050125313
0.08270676691729
0.08521303258145
0.08771929824561
0.09022556390977
0.09273182957393
0.09523809523810
0.09774436090226
0.10025062656642
0.10275689223058
0.10526315789474
0.10776942355890
0.11027568922306
0.11278195488722
0.11528822055138
0.11779448621554
0.12030075187970
0.12280701754386
0.12531328320802
0.12781954887218
0.13032581453634
0.13283208020050
0.13533834586466
0.13784461152882
0.14035087719298
0.14285714285714
0.14536340852130
0.14786967418546
0.15037593984962
0.15288220551379
0.15538847117795
0.15789473684211
0.16040100250627
0.16290726817043
0.16541353383459
0.16791979949875
0.17042606516291
0.17293233082707
0.17543859649123
0.17794486215539
0.18045112781955
0.18295739348371
0.18546365914787
0.18796992481203
0.19047619047619
0.19298245614035
0.19548872180451
0.19799498746867
0.20050125313283
0.20300751879699
0.20551378446115
0.20802005012531
0.21052631578947
0.21303258145363
0.21553884711780
0.21804511278196
0.22055137844612
0.22305764411028
0.22556390977444
0.22807017543860
0.23057644110276
0.23308270676692
0.23558897243108
0.23809523809524
0.24060150375940
0.24310776942356
0.24561403508772
0.24812030075188
0.25062656641604
0.25313283208020
0.25563909774436
0.25814536340852
0.26065162907268
0.26315789473684
0.26566416040100
0.26817042606516
0.27067669172932
0.27318295739348
0.27568922305764
0.27819548872181
0.28070175438597
0.28320802005013
0.28571428571429
0.28822055137845
0.29072681704261
0.29323308270677
0.29573934837093
0.29824561403509
0.30075187969925
0.30325814536341
0.30576441102757
0.30827067669173
0.31077694235589
0.31328320802005
0.31578947368421
0.31829573934837
0.32080200501253
0.32330827067669
0.32581453634085
0.32832080200501
0.33082706766917
0.33333333333333
0.33583959899749
0.33834586466166
0.34085213032582
0.34335839598998
0.34586466165414
0.34837092731830
0.35087719298246
0.35338345864662
0.35588972431078
0.35839598997494
0.36090225563910
0.36340852130326
0.36591478696742
0.36842105263158
0.37092731829574
0.37343358395990
0.37593984962406
0.37844611528822
0.38095238095238
0.38345864661654
0.38596491228070
0.38847117794486
0.39097744360902
0.39348370927318
0.39598997493734
0.39849624060150
0.40100250626567
0.40350877192983
0.40601503759399
0.40852130325815
0.41102756892231
0.41353383458647
0.41604010025063
0.41854636591479
0.42105263157895
0.42355889724311
0.42606516290727
0.42857142857143
0.43107769423559
0.43358395989975
0.43609022556391
0.43859649122807
0.44110275689223
0.44360902255639
0.44611528822055
0.44862155388471
0.45112781954887
0.45363408521303
0.45614035087719
0.45864661654135
0.46115288220551
0.46365914786967
0.46616541353384
0.46867167919800
0.47117794486216
0.47368421052632
0.47619047619048
0.47869674185464
0.48120300751880
0.48370927318296
0.48621553884712
0.48872180451128
0.49122807017544
0.49373433583960
0.49624060150376
0.49874686716792
0.50125313283208
0.50375939849624
0.50626566416040
0.50877192982456
0.51127819548872
0.51378446115288
0.51629072681704
0.51879699248120
0.52130325814536
0.52380952380952
0.52631578947368
0.52882205513784
0.53132832080201
0.53383458646617
0.53634085213033
0.53884711779449
0.54135338345865
0.54385964912281
0.54636591478697
0.54887218045113
0.55137844611529
0.55388471177945
0.55639097744361
0.55889724310777
0.56140350877193
0.56390977443609
0.56641604010025
0.56892230576441
0.57142857142857
0.57393483709273
0.57644110275689
0.57894736842105
0.58145363408521
0.58395989974937
0.58646616541353
0.58897243107769
0.59147869674185
0.59398496240601
0.59649122807017
0.59899749373433
0.60150375939849
0.60401002506266
0.60651629072682
0.60902255639098
0.61152882205514
0.61403508771930
0.61654135338346
0.61904761904762
0.62155388471178
0.62406015037594
0.62656641604010
0.62907268170426
0.63157894736842
0.63408521303258
0.63659147869674
0.63909774436090
0.64160401002506
0.64411027568922
0.64661654135338
0.64912280701754
0.65162907268170
0.65413533834586
0.65664160401002
0.65914786967418
0.66165413533834
0.66416040100250
0.66666666666666
0.66917293233082
0.67167919799498
0.67418546365914
0.67669172932331
0.67919799498747
0.68170426065163
0.68421052631579
0.68671679197995
0.68922305764411
0.69172932330827
0.69423558897243
0.69674185463659
0.69924812030075
0.70175438596491
0.70426065162907
0.70676691729323
0.70927318295739
0.71177944862155
0.71428571428571
0.71679197994987
0.71929824561403
0.72180451127819
0.72431077694235
0.72681704260651
0.72932330827067
0.73182957393483
0.73433583959899
0.73684210526315
0.73934837092731
0.74185463659147
0.74436090225563
0.74686716791979
0.74937343358396
0.75187969924812
0.75438596491228
0.75689223057644
0.75939849624060
0.76190476190476
0.76441102756892
0.76691729323308
0.76942355889724
0.77192982456140
0.77443609022556
0.77694235588972
0.77944862155388
0.78195488721804
0.78446115288220
0.78696741854636
0.78947368421052
0.79197994987468
0.79448621553884
0.79699248120300
0.79949874686716
0.80200501253132
0.80451127819548
0.80701754385964
0.80952380952380
0.81203007518796
0.81453634085212
0.81704260651628
0.81954887218044
0.82205513784461
0.82456140350877
0.82706766917293
0.82957393483709
0.83208020050125
0.83458646616541
0.83709273182957
0.83959899749373
0.84210526315789
0.84461152882205
0.84711779448621
0.84962406015037
0.85213032581453
0.85463659147869
0.85714285714285
0.85964912280701
0.86215538847117
0.86466165413533
0.86716791979949
0.86967418546365
0.87218045112781
0.87468671679197
0.87719298245613
0.87969924812029
0.88220551378445
0.88471177944861
0.88721804511277
0.88972431077693
0.89223057644109
0.89473684210526
0.89724310776942
0.89974937343358
0.90225563909774
0.90476190476190
0.90726817042606
0.90977443609022
0.91228070175438
0.91478696741854
0.91729323308270
0.91979949874686
0.92230576441102
0.92481203007518
0.92731829573934
0.92982456140350
0.93233082706766
0.93483709273182
0.93734335839598
0.93984962406014
0.94235588972430
0.94486215538846
0.94736842105262
0.94987468671678
0.95238095238094
0.95488721804510
0.95739348370926
0.95989974937342
0.96240601503758
0.96491228070174
0.96741854636591
0.96992481203007
0.97243107769423
0.97493734335839
0.97744360902255
0.97994987468671
0.98245614035087
0.98496240601503
0.98746867167919
0.98997493734335
0.99248120300751
0.99498746867167
0.99749373433583
0.99999999999999

Y-DIRECTION

0.0

Z-DIRECTION

0.0

END
